"ID","Name","Phone Number","Message","Date Time","Received","Sent","Status",
"9","59029416 ","59029416 ","-","-","-","-","-",
"1654072256775",,,"Received","2022-06-01 14:00:56","DO NOT SHARE: Your Google Pay OTP is 029623. Message ID: f6f01vO3FNp",,,
