"ID","Name","Phone Number","Message","Date Time","Received","Sent","Status",
"65","JM-HOTSTR ","JM-HOTSTR ","-","-","-","-","-",
"1662214116414",,,"Received","2022-09-03 19:38:36","5120 is your Disney+ Hotstar verification code. Enjoy watching!",,,
